50 1 12
50 2 20
1 3 22
50 3 22
2 4 15
4 8 23
2 6 17
6 9 27
6 7 23
7 5 20
5 1 17
3 12 18
12 13 8
13 14 9
13 15 23
15 16 17
16 19 17
12 11 22
11 10 17
11 20 17
11 17 20
17 18 18
18 20 22
9 21 11
21 22 18
22 23 17
23 24 13
23 25 16
25 26 32
26 28 25
28 30 22
30 29 15
29 27 15
27 9 25
4 31 20
4 33 20
31 32 15
31 34 17
8 34 37
34 35 23
38 25 17
38 26 22
26 39 27
39 41 25
41 40 11
41 42 27
40 43 22
43 44 14
44 35 28
20 36 18
36 37 33
18 45 15
45 46 15
46 49 16
46 48 22
49 0 27
15 53 37
53 54 33
53 52 33
52 51 17
24 55 15
55 56 20
23 55 17
1 57 22
57 58 22
51 59 33
54 60 37
60 61 30
61 62 75
0 63 62
63 64 25
64 65 27
65 66 83
48 68 25
49 67 28
68 69 32
69 70 20
48 47 32
47 73 17
47 71 30
71 72 47
68 72 30
65 74 55
74 75 20
72 76 48
76 77 13
76 79 23
79 78 10
78 77 20
73 80 22
80 81 18
35 82 13
82 83 18
83 84 25
84 85 33
84 86 40
85 86 43
9 87 16
87 29 17
5 89 10
89 88 16
89 90 17
7 90 9
91 92 118
42 93 57
93 92 113
0 53 -4
53 51 -9
53 63 -35
0 68 -21
68 74 -11
74 77 -6
63 62 -42
1 50 12
2 50 20
3 1 22
3 50 22
4 2 15
8 4 23
6 2 17
9 6 27
7 6 23
5 7 20
1 5 17
12 3 18
13 12 8
14 13 9
15 13 23
16 15 17
19 16 17
11 12 22
10 11 17
20 11 17
17 11 20
18 17 18
20 18 22
21 9 11
22 21 18
23 22 17
24 23 13
25 23 16
26 25 32
28 26 25
30 28 22
29 30 15
27 29 15
9 27 25
31 4 20
33 4 20
32 31 15
34 31 17
34 8 37
35 34 23
25 38 17
26 38 22
39 26 27
41 39 25
40 41 11
42 41 27
43 40 22
44 43 14
35 44 28
36 20 18
37 36 33
45 18 15
46 45 15
49 46 16
48 46 22
0 49 27
53 15 37
54 53 33
52 53 33
51 52 17
55 24 15
56 55 20
55 23 17
57 1 22
58 57 22
59 51 33
60 54 37
61 60 30
62 61 75
63 0 62
64 63 25
65 64 27
66 65 83
68 48 25
67 49 28
69 68 32
70 69 20
47 48 32
73 47 17
71 47 30
72 71 47
72 68 30
74 65 55
75 74 20
76 72 48
77 76 13
79 76 23
78 79 10
77 78 20
80 73 22
81 80 18
82 35 13
83 82 18
84 83 25
85 84 33
86 84 40
86 85 43
87 9 16
29 87 17
89 5 10
88 89 16
90 89 17
90 7 9
92 91 118
93 42 57
92 93 113